data	minuti	positivi	negativi	neutrali	lower_bound	upper_bound	stdev	confint_score	sentiment_score
2020-08-23 21:11:00	0-10	16	5	12	0.041	0.21	0.235	(0.041, 0.21)	0.125
2020-08-23 21:21:00	10-20	18	15	26	-0.072	0.146	0.381	(-0.072, 0.146)	0.037
2020-08-23 21:31:00	20-30	17	11	19	-0.089	0.142	0.372	(-0.089, 0.142)	0.027
2020-08-23 21:41:00	30-40	52	27	101	0.011	0.172	0.435	(0.011, 0.172)	0.091
2020-08-23 21:51:00	40-intervallo	28	45	56	-0.067	0.071	0.358	(-0.067, 0.071)	0.002
2020-08-23 22:01:00	intervallo	45	40	59	0.018	0.125	0.302	(0.018, 0.125)	0.072
2020-08-23 22:11:00	intervallo-52	30	12	30	0.114	0.278	0.325	(0.114, 0.278)	0.196
2020-08-23 22:21:00	52-62	313	40	700	0.31	0.367	0.328	(0.31, 0.367)	0.338
2020-08-23 22:31:00	62-72	518	178	1428	0.27	0.319	0.392	(0.27, 0.319)	0.295
2020-08-23 22:41:00	72-82	85	56	565	0.159	0.275	0.421	(0.159, 0.275)	0.217
2020-08-23 22:51:00	82-92	49	23	197	0.121	0.26	0.357	(0.121, 0.26)	0.19
2020-08-23 23:01:00	recupero-fine	113	22	105	0.16	0.227	0.238	(0.16, 0.227)	0.194
