data	minuti	positivi	negativi	neutrali	lower_bound	upper_bound	stdev	confint_score	sentiment_score
2020-08-23 21:11:00	0-10	122	19	98	0.268	0.349	0.296	(0.268, 0.349)	0.309
2020-08-23 21:21:00	10-20	161	36	127	0.192	0.272	0.344	(0.192, 0.272)	0.232
2020-08-23 21:31:00	20-30	125	29	57	0.199	0.283	0.32	(0.199, 0.283)	0.241
2020-08-23 21:41:00	30-40	112	21	53	0.25	0.337	0.309	(0.25, 0.337)	0.293
2020-08-23 21:51:00	40-intervallo	315	172	512	0.077	0.134	0.386	(0.077, 0.134)	0.106
2020-08-23 22:01:00	intervallo	384	97	442	0.182	0.229	0.316	(0.182, 0.229)	0.206
2020-08-23 22:11:00	intervallo-52	174	137	287	-0.004	0.063	0.361	(-0.004, 0.063)	0.029
2020-08-23 22:21:00	52-62	112	54	164	0.077	0.174	0.382	(0.077, 0.174)	0.126
2020-08-23 22:31:00	62-72	96	83	178	-0.042	0.052	0.385	(-0.042, 0.052)	0.005
2020-08-23 22:41:00	72-82	136	94	296	0.01	0.095	0.395	(0.01, 0.095)	0.052
2020-08-23 22:51:00	82-92	129	108	276	0.025	0.116	0.429	(0.025, 0.116)	0.07
2020-08-23 23:01:00	recupero-fine	109	66	154	0.022	0.12	0.395	(0.022, 0.12)	0.071
